"line" <-
structure(list(line1 = structure(c(7.17313, 2.95253, 3.66989, 
3.31522, 3.70544, 3.5791, 2.70206, 2.96136, 3.53406, 2.09471, 
3.06524, 2.73901, 3.08929, 2.70413, 2.52174, 3.73216, 2.67339, 
3.01779, 2.70123, 2.97837, 2.87646, 3.19134, 2.79708, 3.25934, 
2.73704, 2.71863, 3.01749, 2.984, 2.73648, 2.55982, 2.94331, 
3.27086, 3.55436, 2.80668, 3.18001, 3.07977, 2.77286, 2.74566, 
3.67006, 2.24932, 3.08757, 2.56762, 2.80828, 3.76523, 3.10116, 
3.01902, 2.65918, 3.52618, 2.43358, 2.57103, 3.55572, 3.08102, 
3.06265, 2.57951, 2.69831, 2.6604, 3.1768, 2.92196, 1.73505, 
3.46348, 2.99482, 3.18707, 3.2433, 3.3528, 3.12026, 3.27727, 
3.30783, 2.68048, 3.31009, 2.8779, 3.21578, 3.27217, 3.21431, 
3.4163, 2.72993, 3.83811, 2.7769, 3.10277, 0.858013, 1.72668, 
2.2129, 3.13023, 3.11833, 2.52852, 3.19425, 2.33602, 3.86727, 
2.45181, 2.53356, 2.33611, 2.71644, 3.36774, 2.49752, 2.98218, 
2.49989, 2.92943, 2.86987, 4.08664, 2.92904, 2.87937, 3.5247, 
2.6994, 3.2374, 2.79161, 3.0065, 2.84989, 2.92812, 3.09409, 2.98947, 
3.05823, 3.16941, 3.00681, 2.87709, 2.76276, 3.18145, 2.36106, 
2.81812, 3.08823, 2.65743, 2.8572, 3.33833, 2.80197, 2.95402, 
2.95727, 3.19123, 3.43451, 2.59671, 3.60602, 2.68363, 3.56141, 
3.16793, 3.2417, 3.3542, 2.98939, 2.34584, 3.03147, 3.16633, 
2.56506, 3.01896, 3.17286, 2.80791, 2.92504, 3.02911, 2.85911, 
3.28071, 3.43015, 2.3898, 1.67055, 3.81164, 2.43832, 2.92065, 
1.37547, 3.23811, 2.96203, 2.83998, 2.36596, 3.51832, 2.59301, 
3.08633, 2.87675, 3.16977, 2.81822, 2.48206, 3.28322, 2.51132, 
3.01153, 3.25603, 2.98599, 2.93238, 2.12555, 3.5398, 2.96786, 
2.73922, 2.76325, 2.89286, 3.41665, 2.84412, 2.69208, 3.87634, 
2.70917, 3.23347, 3.25577, 2.70044, 2.83369, 3.2501, 3.12599, 
3.16206, 2.90532, 3.35174, 3.36722, 2.73076, 3.26922, 2.81658, 
2.95479, 2.71722, 3.02135, 3.13198, 4.07261, 2.84968, 2.69468, 
-1.5662, 1.50337, 0.628157, 1.18272, 0.490437, 0.20697, 0.882553, 
1.08515, 1.06926, 1.48077, 0.378349, 0.444712, -0.01306, 1.15585, 
0.856368, 0.657461, 0.594411, 0.88777, 0.745918, 0.993619, 1.02806, 
0.553611, 1.01886, 0.470345, 0.520167, 0.89238, 0.68696, 0.798954, 
0.688647, 0.579934, 0.844434, 0.810385, 0.872753, 0.895408, 0.827359, 
0.919973, 0.926044, 0.522444, 1.05851, 1.32707, 0.674701, 0.746217, 
1.14114, 1.24147, 0.791581, 0.938256, 0.522189, 0.718395, 0.928954, 
0.57796, 1.07794, 0.812967, 1.04835, 0.993271, 0.781727, 0.306433, 
0.58444, 0.55981, 0.88081, 1.01651, 0.876193, 0.650802, 0.75265, 
0.948834, 0.557148, 0.99243, 0.6986, 0.78952, 0.570903, 0.725568, 
1.16533, 0.453463, 0.871724, 0.889113, 0.507765, 0.414795, 0.87789, 
0.633498, 0.736897, -0.568545, 0.770004, 0.869198, 0.665951, 
0.758507, 0.742198, 1.02311, 0.969699, 0.580553, 1.14088, 0.582853, 
0.677865, 0.652573, 0.952581, 1.1587, 0.999131, 1.09971, 1.02759, 
0.571576, 0.756901, 0.927734, 0.753859, 0.494313, 0.510782, 0.793101, 
1.10834, 0.658604, 0.788326, 0.866193, 0.884201, 0.507964, 0.179421, 
0.718163, 0.874446, 1.01166, 0.626119, 0.808673, 0.52271, 1.06545, 
0.902426, 0.380372, 0.659257, 0.68071, 0.794731, 0.680552, 0.508912, 
0.494933, 1.17763, 1.22197, 0.545816, 0.965099, 0.677669, 0.688658, 
1.06926, 0.344008, 1.09068, 1.02111, 0.691322, 0.364369, 0.915177, 
0.566777, 1.15452, 0.625684, 0.708469, 0.984351, 0.576846, 0.228625, 
1.40307, 1.21012, 0.143615, 1.4046, 1.32799, 0.0254974, 1.17005, 
1.28567, 1.51562, 0.842245, 0.852613, 0.780749, 0.967637, 0.810536, 
0.858167, 0.960625, 0.613509, 1.38389, 1.22199, 0.93934, 0.479022, 
0.684411, 0.907639, 0.694256, 0.762828, 1.08536, 0.737203, 0.79847, 
0.605098, 1.01106, 1.29919, -0.116987, 0.645465, 0.868414, 0.934646, 
0.841893, 0.864243, 1.03498, 0.784894, 1.28125, 0.594917, 1.23255, 
0.788097, 0.929231, 0.823524, 0.748782, 0.625626, 0.742992, 0.733012, 
0.598408, 0.654669, 1.19037, 0.472082, 0.669647, 11.2331, 4.88649, 
1.39734, 0.662879, 1.36213, 1.0435, 1.29043, 0.459322, 0.634257, 
0.912919, 1.1885, 0.576963, 2.40033, 1.79423, 0.943078, 0.903465, 
0.731041, 0.622143, 0.790993, 0.740969, 0.58258, 0.710707, 0.870071, 
1.00433, 1.03022, 1.08587, 0.572809, 0.716056, 0.636699, 0.563391, 
0.848744, 0.516244, 0.642656, 0.554613, 0.695308, 0.617855, 0.425071, 
0.603549, 0.764704, 0.907059, 0.840521, 0.812011, 0.612573, 1.70232, 
0.644559, 0.481628, 0.641244, 0.805918, 0.957325, 0.676466, 0.743322, 
0.951599, 0.595749, 0.462307, 0.746122, 0.958645, 0.764432, 0.527422, 
1.74938, 1.09919, 0.493587, 0.473889, 0.442078, 0.590437, 0.913574, 
0.667202, 0.772119, 0.511031, 0.47078, 0.551933, 0.785661, 0.902284, 
0.420702, 0.872218, 1.51717, 1.27235, 0.70261, 0.504571, 2.0531, 
2.2977, 1.38751, 0.818279, 0.326157, 0.79268, 0.783918, 0.714941, 
0.756979, 0.972415, 0.917166, 0.822013, 1.10835, 1.14671, 0.949399, 
1.01348, 1.07893, 0.564832, 0.704571, 1.1337, 1.58693, 0.463972, 
0.734966, 0.897794, 1.30018, 0.909768, 0.640371, 0.541355, 0.685204, 
1.09255, 0.531485, 0.693595, 0.814454, 1.08119, 0.497489, 0.497872, 
0.822327, 0.4964, 0.566723, 0.606257, 0.711031, 0.683499, 1.26004, 
1.13398, 0.529169, 0.538057, 0.564507, 0.493755, 1.00047, 1.24981, 
0.973904, 0.859757, 0.462606, 0.588109, 0.691391, 0.666279, 0.927818, 
1.05845, 0.45543, 0.79399, 0.885761, 0.513252, 0.637226, 0.698318, 
0.404093, 0.979977, 1.42097, 0.761441, 1.0802, 2.09035, 2.85473, 
2.44305, 1.81988, 1.78082, 1.69385, 0.643862, 1.5311, 0.960032, 
0.69531, 0.821253, 0.49187, 0.394229, 0.806075, 0.557793, 0.694918, 
1.46079, 1.56847, 0.823876, 0.73726, 0.698766, 0.800476, 1.45114, 
1.15917, 0.692247, 0.610882, 0.709356, 0.630025, 0.81496, 2.35916, 
1.30581, 1.1819, 1.11921, 0.618407, 0.821751, 0.76678, 0.845531, 
0.519626, 0.636336, 0.82726, 0.896255, 0.786207, 0.959944, 0.528469, 
0.607334, 0.434402, 0.527194, 1.04028, 0.40121, 0.693556, 1.07389, 
1.40933, 0.702048), .Dim = c(200, 3), title = "Line example from BUGS manual", .Dimnames = list(
    c("1", "2", "3", "4", "5", "6", "7", "8", "9", "10", "11", 
    "12", "13", "14", "15", "16", "17", "18", "19", "20", "21", 
    "22", "23", "24", "25", "26", "27", "28", "29", "30", "31", 
    "32", "33", "34", "35", "36", "37", "38", "39", "40", "41", 
    "42", "43", "44", "45", "46", "47", "48", "49", "50", "51", 
    "52", "53", "54", "55", "56", "57", "58", "59", "60", "61", 
    "62", "63", "64", "65", "66", "67", "68", "69", "70", "71", 
    "72", "73", "74", "75", "76", "77", "78", "79", "80", "81", 
    "82", "83", "84", "85", "86", "87", "88", "89", "90", "91", 
    "92", "93", "94", "95", "96", "97", "98", "99", "100", "101", 
    "102", "103", "104", "105", "106", "107", "108", "109", "110", 
    "111", "112", "113", "114", "115", "116", "117", "118", "119", 
    "120", "121", "122", "123", "124", "125", "126", "127", "128", 
    "129", "130", "131", "132", "133", "134", "135", "136", "137", 
    "138", "139", "140", "141", "142", "143", "144", "145", "146", 
    "147", "148", "149", "150", "151", "152", "153", "154", "155", 
    "156", "157", "158", "159", "160", "161", "162", "163", "164", 
    "165", "166", "167", "168", "169", "170", "171", "172", "173", 
    "174", "175", "176", "177", "178", "179", "180", "181", "182", 
    "183", "184", "185", "186", "187", "188", "189", "190", "191", 
    "192", "193", "194", "195", "196", "197", "198", "199", "200"
    ), c("alpha", "beta", "sigma")), mcpar = c(1, 200, 1), class = "mcmc"),